  1.000000 -0.000000
  0.999497  0.000091
  0.997987  0.000365
  0.995475  0.000820
  0.991965  0.001452
  0.987464  0.002259
  0.981981  0.003236
  0.975528  0.004377
  0.968117  0.005675
  0.959764  0.007124
  0.950484  0.008717
  0.940298  0.010443
  0.929224  0.012295
  0.917287  0.014264
  0.904508  0.016339
  0.890916  0.018511
  0.876536  0.020769
  0.861397  0.023105
  0.845531  0.025507
  0.828969  0.027964
  0.811745  0.030468
  0.793893  0.033006
  0.775448  0.035569
  0.756450  0.038145
  0.736934  0.040725
  0.716942  0.043298
  0.696513  0.045851
  0.675687  0.048375
  0.654508  0.050858
  0.633018  0.053288
  0.611260  0.055653
  0.589278  0.057941
  0.567117  0.060140
  0.544820  0.062238
  0.522432  0.064221
  0.500000  0.066077
  0.477568  0.067793
  0.455180  0.069355
  0.432883  0.070753
  0.410722  0.071972
  0.388740  0.073001
  0.366982  0.073830
  0.345492  0.074446
  0.324313  0.074841
  0.303487  0.075004
  0.283058  0.074930
  0.263066  0.074611
  0.243550  0.074042
  0.224552  0.073219
  0.206107  0.072140
  0.188255  0.070804
  0.171031  0.069213
  0.154469  0.067369
  0.138603  0.065276
  0.123464  0.062939
  0.109084  0.060364
  0.095492  0.057561
  0.082713  0.054538
  0.070776  0.051304
  0.059702  0.047871
  0.049516  0.044250
  0.040236  0.040451
  0.031883  0.036486
  0.024472  0.032367
  0.018019  0.028103
  0.012536  0.023706
  0.008035  0.019184
  0.004525  0.014546
  0.002013  0.009799
  0.000503  0.004949
  0.000000  0.000000
  0.000503 -0.004949
  0.002013 -0.009799
  0.004525 -0.014546
  0.008035 -0.019184
  0.012536 -0.023706
  0.018019 -0.028103
  0.024472 -0.032367
  0.031883 -0.036486
  0.040236 -0.040451
  0.049516 -0.044250
  0.059702 -0.047871
  0.070776 -0.051304
  0.082713 -0.054538
  0.095492 -0.057561
  0.109084 -0.060364
  0.123464 -0.062939
  0.138603 -0.065276
  0.154469 -0.067369
  0.171031 -0.069213
  0.188255 -0.070804
  0.206107 -0.072140
  0.224552 -0.073219
  0.243550 -0.074042
  0.263066 -0.074611
  0.283058 -0.074930
  0.303487 -0.075004
  0.324313 -0.074841
  0.345492 -0.074446
  0.366982 -0.073830
  0.388740 -0.073001
  0.410722 -0.071972
  0.432883 -0.070753
  0.455180 -0.069355
  0.477568 -0.067793
  0.500000 -0.066077
  0.522432 -0.064221
  0.544820 -0.062238
  0.567117 -0.060140
  0.589278 -0.057941
  0.611260 -0.055653
  0.633018 -0.053288
  0.654508 -0.050858
  0.675687 -0.048375
  0.696513 -0.045851
  0.716942 -0.043298
  0.736934 -0.040725
  0.756450 -0.038145
  0.775448 -0.035569
  0.793893 -0.033006
  0.811745 -0.030468
  0.828969 -0.027964
  0.845531 -0.025507
  0.861397 -0.023105
  0.876536 -0.020769
  0.890916 -0.018511
  0.904508 -0.016339
  0.917287 -0.014264
  0.929224 -0.012295
  0.940298 -0.010443
  0.950484 -0.008717
  0.959764 -0.007124
  0.968117 -0.005675
  0.975528 -0.004377
  0.981981 -0.003236
  0.987464 -0.002259
  0.991965 -0.001452
  0.995475 -0.000820
  0.997987 -0.000365
  0.999497 -0.000091
  1.000000  0.000000